U[V] ; I[A] ; j[mA/cm^2] ; P[mW/cm^2]
1.2 ; 0.0013902 ; 17.3775625 ; 20.853075
1.1766667 ; 0.001107 ; 13.8370375 ; 16.2815808
1.1533333 ; 0.0008465 ; 10.5817812 ; 12.204321
1.13 ; 0.0005781 ; 7.2256475 ; 8.1649817
1.1066667 ; 0.0003342 ; 4.1769587 ; 4.622501
1.0833333 ; 0.0001234 ; 1.5419988 ; 1.6704986
1.06 ; -5.27e-05 ; -0.6592891 ; -0.6988465
1.0366667 ; -0.0001982 ; -2.477745 ; -2.5685956
1.0133333 ; -0.0003177 ; -3.9717463 ; -4.0247029
0.99 ; -0.0004151 ; -5.1885037 ; -5.1366187
0.9666667 ; -0.0004968 ; -6.20941 ; -6.0024297
0.9433333 ; -0.0005614 ; -7.0177387 ; -6.6200669
0.92 ; -0.0006133 ; -7.665825 ; -7.052559
0.8966667 ; -0.0006582 ; -8.22752 ; -7.3773429
0.8733333 ; -0.0006983 ; -8.72919 ; -7.6234926
0.85 ; -0.0007311 ; -9.138595 ; -7.7678057
0.8266667 ; -0.0007595 ; -9.493305 ; -7.8477988
0.8033333 ; -0.0007843 ; -9.8042888 ; -7.876112
0.78 ; -0.0008082 ; -10.1029163 ; -7.8802747
0.7566667 ; -0.0008284 ; -10.3545238 ; -7.834923
0.7333333 ; -0.0008475 ; -10.5934475 ; -7.7685282
0.71 ; -0.0008589 ; -10.7356812 ; -7.6223337
0.6866667 ; -0.0008735 ; -10.9187975 ; -7.4975743
0.6633333 ; -0.0008867 ; -11.08327 ; -7.3519024
0.64 ; -0.0008949 ; -11.1867 ; -7.159488
0.6166667 ; -0.000908 ; -11.34985 ; -6.9990742
0.5933333 ; -0.0009159 ; -11.4493512 ; -6.7932817
0.57 ; -0.0009216 ; -11.52043 ; -6.5666451
0.5466667 ; -0.0009323 ; -11.6534125 ; -6.3705322
0.5233333 ; -0.0009392 ; -11.7398162 ; -6.1438372
0.5 ; -0.0009439 ; -11.7990725 ; -5.8995362
0.4766667 ; -0.0009511 ; -11.8890687 ; -5.6671228
0.4533333 ; -0.0009572 ; -11.9653412 ; -5.424288
0.43 ; -0.0009625 ; -12.0317812 ; -5.1736659
0.4066667 ; -0.0009679 ; -12.09887 ; -4.9202071
0.3833333 ; -0.0009735 ; -12.16919 ; -4.6648562
0.36 ; -0.000973 ; -12.162755 ; -4.3785918
0.3366667 ; -0.0009806 ; -12.2580762 ; -4.1268857
0.3133333 ; -0.0009844 ; -12.30476 ; -3.8554915
0.29 ; -0.0009895 ; -12.3692337 ; -3.5870778
0.2666667 ; -0.0009919 ; -12.3989475 ; -3.306386
0.2433333 ; -0.0009941 ; -12.4266 ; -3.023806
0.22 ; -0.0010005 ; -12.5056887 ; -2.7512515
0.1966667 ; -0.0010041 ; -12.550775 ; -2.4683191
0.1733333 ; -0.0010048 ; -12.5605 ; -2.1771533
0.15 ; -0.0010087 ; -12.6082625 ; -1.8912394
0.1266667 ; -0.00101 ; -12.6244125 ; -1.5990922
0.1033333 ; -0.0010154 ; -12.692475 ; -1.3115557
0.08 ; -0.0010128 ; -12.6603375 ; -1.012827
0.0566667 ; -0.0010177 ; -12.7213125 ; -0.7208744
0.0333333 ; -0.0010212 ; -12.7644 ; -0.42548
0.01 ; -0.0010217 ; -12.7707875 ; -0.1277079
-0.0133333 ; -0.0010258 ; -12.8218875 ; 0.1709585
-0.0366667 ; -0.0010264 ; -12.8300125 ; 0.4704338
-0.06 ; -0.0010259 ; -12.8238 ; 0.769428
-0.0833333 ; -0.0010278 ; -12.847275 ; 1.0706063
-0.1066667 ; -0.0010278 ; -12.8476875 ; 1.37042
-0.13 ; -0.0010299 ; -12.873875 ; 1.6736038
-0.1533333 ; -0.0010346 ; -12.932225 ; 1.9829412
-0.1766667 ; -0.0010345 ; -12.9316 ; 2.2845827
-0.2 ; -0.0010364 ; -12.9548125 ; 2.5909625